[50.         50.19505808 50.3432552  51.92484728 52.49251684 53.90714138
 55.27462105 55.68033757 56.60323711 59.47631464 57.18658419 58.10207636
 58.96543399 61.29633146 60.13306888 58.44459924 59.60226971 59.93424864
 62.8713977  59.32953588 58.08613245 57.91740208 58.29999096 57.52327478
 56.05833628 55.43816293 53.14726486 54.41637294 53.59713113 55.83657098
 55.91053623 54.15522834 51.87327822 53.06106678 51.15079657 53.33162548
 54.71421048 54.448803   55.00658346 54.43826394 56.04548502 55.1859463
 53.87354769 54.84200606 52.90024654 50.33227507 51.17001391 52.62252845
 51.37436673 50.65215475 50.27751194 51.06281837 50.12212744 49.26610279
 49.32257926 50.00107114 50.21372781 49.90061205 48.7959044  48.6710715
 46.41030853 44.14728612 43.47380635 44.13072298 44.54526654 44.24818808
 44.08037317 43.76044472 42.3361581  41.33297433 44.36155268 45.42817688
 47.29501361 47.00629616 47.42514466 45.0160269  45.55393228 43.64403796
 43.07043434 42.60717366 41.93061488 45.83633557 45.33056114 45.35436024
 44.99868161 43.84208246 43.70641901 44.5817778  44.88155201 43.85755178
 44.61117822 44.86900374 44.84694974 45.39815232 43.44526611 43.85881755
 43.19257382 42.8738675  43.47604535 44.52911069 43.19082125 42.98576335
 43.34262672 43.64740232 44.81967122 43.12594761 42.39557126 42.04878167
 41.96565293 44.36015572 43.92320975 43.49743984 41.32853061 42.65077975
 41.16166785 42.23451248 41.8763946  40.17165571 40.01104324 39.28895271
 38.87189283 39.21813173 40.74304745 42.41291861 42.40100401 42.51218366
 41.32080718 42.6992116  44.18961501 43.49946647 43.67570446 42.57212014
 42.92707069 41.65031357 42.07643886 41.41581014 38.9731398  41.08674122
 38.07159609 38.61508108 40.01717869 39.91293288 40.38570557 40.46655669
 41.64587785 42.02962494 40.62078634 40.9227205  42.61651812 45.04389531
 46.56042673 46.74617386 47.97443464 48.87225615 48.21362751 47.40309154
 47.05512438 47.91798977 45.70239425 44.75158164 46.8721565  45.2631451
 45.82277122 45.54255646 46.24382547 47.82755866 48.75677003 49.22622274
 46.61886918 46.21121839 45.84168317 47.5314544  45.31427413 44.36828044
 43.76963705 44.93044892 44.51871878 45.80698881 45.86521508 46.27496169
 46.70473609 46.45985242 47.05285761 46.68200974 47.62317804 50.71285282
 52.05420166 52.94346683 53.0964666  53.00049772 55.96473823 53.55679518
 53.27182331 54.85613809 52.69258341 51.54823618 52.59045741 50.63856783
 50.31790736 50.08431878 50.27630566 53.21357191 55.7158911  55.96044936
 56.73142489 57.38049928 59.18717556 60.80781265 58.44111779 59.07540665
 58.43936551 56.70137459 55.63818439 58.38862036 56.13911024 56.12386265
 54.77040893 55.50063875 57.86731867 57.99776859 58.78155001 59.2810824
 60.26426632 61.05098481 61.5277885  62.38996944 62.35177448 62.25765296
 63.69784021 63.75427173 64.04516021 66.1808068  65.04488465 62.52065702
 63.28398959 64.57323839 65.75249015 64.4555491  63.82733003 60.23292802
 58.73246271 58.34711746 57.02818622 57.91623684 58.9981155  59.67116745
 60.8700298  60.64527228 58.63050688 56.36742019 56.15562884 55.66822103
 53.47470609 55.27765246 56.10649495 55.39866576 54.0480019  54.6888575
 56.51074197 54.02840189 54.01841429 51.43236546 51.75629351 49.38929222
 51.06354218 48.5792263  49.08142685 48.44825881 49.25969152 49.67482226
 47.89385373 48.06682214 49.51528101 48.79878603 49.87552965 50.14187846
 50.47333431 51.42310406 50.48035405 49.40412906 51.71848505 48.91292491
 46.54816148 47.20032062 48.26987794 48.39012649 47.79280023 47.78483826
 48.7229074  49.63363648 49.58452503 48.59675252 46.49184395 47.51085551
 48.13696593 48.06383214 43.6229108  43.88939321 41.8522432  42.74139439
 41.9184369  44.19763011 42.64182852 42.70081267 41.90998594 40.78917516
 40.18632514 40.17353339 41.46407054 41.55207589 40.77494662 42.31418945
 42.51234569 41.82136687 42.51929223 41.87617648 41.79519135 42.84026402
 43.36423385 44.50629137 43.43034831 42.53365447 41.56588086 43.21224924
 42.16143424 40.58262073 41.13649521 42.46620979 42.40040061 41.71655429
 42.38148068 43.87402236 44.78529299 44.14022894 43.84160278 41.95067464
 41.26541336 41.02150753 40.60745106 41.53482706 40.96879956 38.14781582
 39.88511165 39.85954872 39.70200795 40.33474135 40.45123234 38.26881864
 40.9254834  39.48252638 38.55957835 39.25024625 42.25430725 42.75350522
 44.27389951 44.72471063 44.61620605 42.60256088 43.152673   42.7043894
 42.29443406 42.42220448 42.4564245  41.65135603 39.44094974 39.42257245
 38.64773388 37.72512025 37.06020647 37.95928283 39.01578128 36.87283841
 35.72759958 34.90682781 35.8723127  37.90244312 35.65625127 35.68937709
 35.55058672 35.42926345 38.79094089 39.52004945 38.41157317 38.17991596
 37.53835009 36.90316656 35.50434456 34.44472289 33.2549287  33.59669126
 33.02821154 31.79051816 32.98472108 32.61292055 33.45303955 34.16015502
 32.23132386 31.68130653 31.12896313 32.72998825 31.18221634 30.1692262
 28.34256514 27.32876737 27.86360023 27.9163579  27.82040623 28.15060946
 29.03137284 30.3837296  31.62097084 31.34996182 33.05185681 33.19118063
 33.76383444 33.71968635 33.78111042 33.98292018 32.61914747 31.99192926
 33.42183669 32.82866354 31.97054166 31.93850802 32.5850861  32.28163589
 32.84272463 32.02987042 33.45778793 35.2435817  35.72722912 37.85148052
 40.22992868 41.3409866  41.45751233 42.62761555 44.80121751 44.06203789
 43.52528721 43.66898367 41.48558099 40.18510653 39.30088379 40.81217955
 39.15708163 38.58735463 39.90725735 39.28502493 39.85384645 38.49534
 39.33608848 40.80103163 40.94250461 40.33677392 39.36105281 39.13655353
 38.05301108 37.19203322 38.26612279 39.10594325 36.87780863 34.75422991
 33.80899305 35.04807844 34.20665102 35.4414111  35.10363958 37.03344379
 33.43193656 32.6198619  31.42327184 31.31023227 31.03495308 33.03772703
 34.56591598 34.62148915 34.76435301 35.41435115 35.17332599 36.23028987
 35.12038892 35.4460182  36.76784273 34.62545797 35.49897932 38.22847597
 37.89315752 35.80523341 34.72266652 34.13793788 32.38181748 32.65005035
 34.63268603 33.595707   35.33326932 35.65717258 34.09691417 34.13102578
 34.50241557 37.86521482 39.46903861 38.35653778 40.28511708 41.06902379
 39.48385923 40.81446256 40.72247996 42.19998157 40.21555087 41.47088651
 39.68485542 40.99316047 39.17443376 39.08176075 38.27859608 41.17481805
 39.78016824 41.87373738 42.14419825 41.70852602 43.47543811 42.95892809
 43.38673205 44.17389707 45.57829663 45.99909438 49.43852665 49.50661432
 46.70419628 46.20913094 47.27604188 48.13269486 46.68051792 46.24803315
 47.5867291  46.88628533 45.32336976 42.51779296 43.56070688 42.42848393
 41.88981815 43.39288181 42.72138887 43.67737397 42.5540577  45.28823858
 48.65489485 48.83023974 50.15967793 50.60955199 50.56056882 50.1083703
 48.29262356 47.47089743 46.64695226 47.88888276 46.21637948 44.73500094
 44.99581604 45.05179624 46.18598617 45.42518288 46.32755114 46.889775
 46.78193007 44.35478787 44.6298894  45.19710114 41.52997242 42.86443415
 42.53738492 45.05223918 46.54964373 47.85528196 47.06341959 45.54549461
 43.27131118 41.89051684 42.58057481 42.11555192 40.48716933 42.51521562
 41.15394074 40.09541398 38.93118147 39.04625503 41.19428053 42.32477246
 42.01299592 41.40547736 40.00089574 40.84439677 41.35925166 41.10138113
 40.69908364 41.23017649 40.30563824 37.91625479 38.87284806 39.29860239
 39.20378055 39.91297993 41.58340743 42.87627562 42.12229863 41.40606286
 42.91984816 44.1826078  41.11143878 40.01684768 40.27134978 40.04765546
 39.82488738 38.14412145 39.67960301 38.86337587 39.83158368 39.18665116
 39.99049772 38.81711638 37.12056332 36.87599568 36.03910114 35.54294663
 36.15947393 38.47984122 37.82941298 36.69205164 37.04235576 37.03040057
 37.87278317 37.99774635 37.85473628 37.83000242 38.95276283 39.44060481
 39.82831123 40.79531273 39.84496995 40.36350836 40.6949041  40.27577893
 40.36481871 39.2199855  38.85929667 40.10947553 41.24862433 41.25059365
 41.25940536 41.58976763 40.73502631 41.85902943 40.75740026 38.42302199
 36.41034423 35.88491883 34.51860941 33.59287723 35.16010189 35.57956832
 36.08083998 36.92240243 35.67179258 37.82489138 37.90158293 39.48997252
 40.32062727 38.33024511 37.50672313 38.4933395  39.19569168 39.59126492
 38.09635264 38.31083665 36.98085475 37.60367213 38.9873391  37.93213007
 39.02340846 38.97108078 39.44950699 42.73711452 43.47503812 43.14067879
 42.97044464 41.26549209 42.6898488  42.72275382 43.12273753 44.81593242
 45.61085342 46.5266551  47.30775262 49.16171362 47.84250268 47.80408053
 46.87254318 43.91578099 44.82727079 44.39447608 40.92522746 38.14366263
 36.03550703 36.72972853 34.95833318 36.41519499 33.60856695 35.52138296
 35.56530809 34.16360619 32.26518463 33.49130937 32.13422171 31.28702466
 31.56245244 31.14986331 32.00932752 32.96489286 33.32486312 34.13368332
 32.90782199 32.88145218 32.66490815 31.70589418 32.10540425 33.26067858
 34.67774256 36.43925074 36.98163483 37.06867275 37.42941829 38.49584462
 39.16747659 39.10752799 37.82180095 39.3819528  40.44687182 38.53271005
 39.65662489 41.83891547 40.95026348 39.95759178 42.27968762 42.33742714
 41.57976086 42.67222388 44.29705864 45.22657996 44.45199039 45.03748355
 46.20833707 47.80965812 47.65467359 48.67613138 48.73143249 51.20158709
 51.40278924 50.45303066 52.83555959 52.39973426 50.7910117  49.87182675
 49.1217111  48.39511862 48.39349603 47.31780339 47.05642411 48.42175201
 50.00661651 49.03378176 49.30537923 48.91404817 50.59583423 50.17171933
 50.00641519 49.49485235 46.23666723 45.34732145 42.95976179 45.93338006
 48.27001854 48.31945616 45.25132601 44.68908055 43.3928013  43.33718757
 44.71984747 44.23612743 43.81808139 42.30237125 42.08652658 42.57440787
 42.35083742 42.11078538 39.75652152 40.03938284 38.49957982 36.42295011
 36.57049678 36.97235551 37.97710365 39.43775977 38.27921385 40.56651521
 40.16801001 39.53304805 38.61228038 38.33224433 38.49591241 38.82114727
 38.24111089 37.59219801 36.20590908 35.90447761 36.50236811 36.63210225
 37.95369165 36.76440947 36.32035176 36.49559316 37.31602286 37.02283473
 38.44672903 38.34603493 38.23052245 38.15364179 36.13309543 34.12260973
 34.79534227 34.0919059  31.81491812 32.0520018  32.17533685 31.20130776
 31.298237   31.71796344 33.06209637 31.22115484 31.43162482 31.66112194
 32.43122571 32.31979673 33.65011774 34.81710098 35.18181978 34.41789899
 33.51887458 33.64107925 32.34916305 30.24294693 30.05586273 29.30976439
 29.65194907 31.0067071  31.73799121 32.3433381  33.17783592 32.15644128
 30.33885792 29.39070143 28.74920556 29.57031517 29.46147737 28.44335346
 28.41973175 30.08955818 31.76518865 33.14037678 32.81389414 35.28181186
 33.75365157 35.44478016 32.45516627 32.85842477 35.37199826 35.89612955
 37.57436586 37.2328229  36.528672   37.23305859 37.40697726 37.42755653
 34.8041942  34.03329321 34.32397597 33.15384264 34.44695507 35.48795471
 33.73783171 34.21253632 35.28929755 36.4282159  34.65918774 32.11641233
 31.89223695 30.8704179  31.22204298 28.96209161 28.52253292 28.91343323
 28.55636763 29.91118438 30.18685373 29.64883227 31.07486025 31.53913551
 32.11311298 31.58730373 32.12647343 32.88289538 31.03196149 31.09143791
 31.1965742  31.18727528 30.43797345 29.92511548 31.54346059 31.45782082
 33.26606062 31.63837077 32.99874508 33.81898715 32.96621335 33.391102
 33.8471765  35.41255527 36.8549107  37.9639482  38.52008451 40.08474352
 39.82007801 39.77464707 42.23608289 43.21984508 42.31756288 43.39334414
 43.60591641 45.32400077 46.87182911 47.61191332 46.33651761 45.72610763
 44.95832124 45.45489511 46.39167183 48.1849837  46.72363461 45.1374165
 46.79118569 45.93568206 43.74875551 43.91136561 44.5635502  43.6204295
 42.75335947 43.09490285 43.397012   40.42008469 42.56905678 43.24266517
 43.58624375 44.26307489 44.44453925 44.65797836 44.10961475 44.36259079
 44.46744529 43.52949478 44.27022545 44.14176283 46.24851594 49.15749093
 50.21252496 48.66314246 49.10959376 49.92692894 48.34743823 48.05399744
 45.77116318 46.76697689 45.33316244 42.34712832 42.31704496 41.25286247
 44.09760899 42.58861747 41.22058429 41.32108721 41.55377573 40.7418675
 40.73271069 40.8429648  41.71424204 44.34519115 44.57644546 46.05002672
 47.04281323 48.38303815 48.93379822 51.31837867]